16
9,0,0,1,5,0,0,0,0,12,4,0,0,16,0,0
4,0,7,0,0,0,12,0,0,0,6,3,2,0,5,13
0,0,2,14,10,6,0,0,5,0,0,0,7,0,4,0
0,0,0,12,4,16,15,3,14,0,11,0,9,0,10,0
0,0,0,0,0,0,0,0,3,1,14,8,11,13,0,0
6,1,16,0,13,0,8,10,0,0,15,0,0,9,0,0
8,7,15,13,3,12,0,0,0,9,0,6,0,0,2,1
0,4,14,3,7,9,0,0,0,0,12,10,16,15,0,0
0,8,11,4,0,3,10,0,12,5,0,0,1,0,0,0
3,2,0,0,11,4,0,1,6,0,0,0,0,5,9,0
0,0,0,7,0,14,0,2,4,0,0,0,12,0,0,15
16,14,9,10,0,5,0,8,1,13,3,15,0,6,11,2
0,0,0,0,2,0,3,0,0,6,16,7,5,10,0,0
7,15,0,0,0,10,0,0,2,8,0,12,0,0,0,0
0,0,0,16,8,11,6,12,0,0,0,14,13,0,15,0
0,11,4,8,0,0,9,7,0,3,10,5,6,0,1,16